0 0.03046875 0.5 0.0484375 0.0984375
0 0.090625 0.5 0.0609375 0.0984375
0 0.15625 0.4984375 0.0734375 0.103125
0 0.22890625 0.5 0.0734375 0.10625
0 0.2953125 0.5015625 0.0609375 0.103125
0 0.36171875 0.5015625 0.071875 0.103125
0 0.43046875 0.4984375 0.0671875 0.109375
0 0.5 0.5015625 0.0734375 0.115625
0 0.57265625 0.5046875 0.0734375 0.109375
0 0.63828125 0.503125 0.059375 0.10625
0 0.7015625 0.503125 0.0671875 0.10625
0 0.77109375 0.5015625 0.0734375 0.103125
0 0.840625 0.5015625 0.0671875 0.103125
0 0.90625 0.5015625 0.0671875 0.103125
0 0.96953125 0.5 0.0609375 0.10625